8090
1587
6698
5338
864
3205
1362
1026
6810
3835
345
175
709
7279
1026
3784
2838
188
1345
4082
8806
5575
8878
4483
4135
5387
8757
6690
9925
1749
4267
6940
7384
8856
1099
7749
9414
4622
574
7210
3173
7213
8440
9951
9422
4609
3151
4378
2781
8523
7
1786
741
5062
1577
2069
9889
3921
5378
4093
1556
5406
4727
7631
850
8839
1399
5400
1560
7800
3497
7043
645
7756
7475
2243
8076
1607
7228
7706
2994
5437
1354
9588
7314
9598
5493
2083
5456
7071
8461
1111
7131
9318
5926
2602
2907
1106
3041
4341
7497
5940
4039
5586
1134
9918
7214
6832
2836
5430
8398
12
8201
7622
9773
2530
5521
1300
7766
6608
5787
4073
5705
8611
8780
2801
4572
7521
6360
3934
4350
3122
5087
3960
7292
1435
4435
6725
2333
6712
4408
3841
1624
9974
1877
9258
6949
1306
8391
7195
5537
1377
8324
4691
2043
9126
5724
9585
7147
1817
716
8607
6611
7170
6717
6471
5661
3442
6569
5750
7235
1889
269
5084
5310
7674
5514
7485
8518
2319
7878
3608
4905
9594
2783
4993
775
4770
3968
6380
2201
5350
9484
9688
6529
5337
39
2198
4221
9050
3619
1845
7078
6942
4584
1596
421
7196
9533
6643
9684
4341
4563
590
7330
3007
6274
3638
2512
108
5546
2534
9177
1371
283
5919
3039
9483
1136
4888
4560
2552
70
2374
6568
5395
4939
6420
4479
5346
2386
5679
5955
3713
5026
2001
8944
8275
9358
5912
364
8825
6320
6962
7503
8414
2046
599
2960
9868
5214
2418
3259
3199
758
1101
509
3397
2188
2521
3906
334
4268
2567
950
9909
5080
5510
3784
2219
297
8393
7517
9932
1556
6996
3984
1040
3272
7187
4519
3457
9716
2391
6961
3108
2725
4446
5771
2902
6157
9390
9218
8356
656
3773
5682
7639
4455
6480
9805
4250
5511
7726
3640
6969
2764
2865
3151
4248
1022
4520
4329
9101
4966
7819
7750
9611
8122
7341
8516
4172
5540
1607
8689
8378
449
9671
6795
5785
2629
964
8003
6869
7403
8140
8401
8372
426
9372
1456
9432
1780
635
2218
100
6296
8355
2158
1175
5927
3341
9341
3177
6227
5641
9477
2097
5011
1479
1685
2881
1636
6917
2431
9568
298
2245
8267
4610
8116
4153
7128
2933
9533
7278
2221
8106
990
4307
6958
4813
256
6100
1786
2915
176
1303
7073
5648
8044
4146
3523
7538
5561
4647
4260
6334
2663
9646
299
2837
620
2317
5626
8162
189
3974
8728
6419
7660
6205
4937
833
2090
5092
6991
3277
3789
502
458
6601
5405
1580
5866
1889
4057
7375
5926
9268
1223
4235
3125
3731
6152
9419
9002
2068
505
4407
6077
7203
3142
4455
1107
6374
153
2707
4431
4828
9408
5241
5586
5409
9549
7945
5279
8912
86
896
2713
9446
6765
3887
6541
5838
7163
2584
8156
8703
7941
4373
2369
8094
2640
8181
7953
3457
3584
9235
6912
4658
9964
3860
6463
9324
8366
5773
4611
3845
4278
9711
3730
247
3598
2496
5591
3052
7944
5495
3461
8198
5844
3812
5783
5561
2110
6857
3814
8646
9988
9225
820
8164
8628
988
4421
3581
8644
3788
4173
4882
5260
6031
324
1580
7181
3457
4214
9600
8133
7885
5576
4606
7802
3928
6997
4823
1060
1146
438
744
2568
3033
7935
6423
4334
324
8630
2361
6644
4250
847
541
379
2420
5523
9273
9871
2789
2431
863
8405
1597
6521
907
4621
5812
6813
3820
2998
6505
6245
3884
1824
1495
2375
1246
4989
3841
9544
4179
9761
5546
2398
217
1465
19
8340
5361
8488
2770
4982
1707
315
203
2700
2064
9518
2270
3540
9276
6424
8716
7000
9462
3506
9447
4622
5965
6565
3814
606
5296
1536
2418
9726
3034
1785
6880
9098
2729
6347
730
4319
4298
6445
4380
7238
2418
1363
5736
3694
7627
5230
1367
3138
9817
1119
8845
5289
2952
6234
6807
7613
3908
7749
7780
6067
2597
4526
9053
8681
2277
8060
9186
6942
6126
222
9891
7098
3957
5312
3864
1630
7101
4109
2413
7207
9002
7534
5069
9484
8627
559
6713
3511
6947
1523
4069
6977
8396
6942
1792
6917
9160
9744
1135
3142
9405
8754
2149
6684
5276
1480
5792
7914
8439
2551
7298
3371
7997
1952
6602
2795
8851
1258
6223
4498
5776
1966
7946
9019
1109
6956
9037
5011
615
4571
6803
6444
5146
6157
7156
817
1292
7248
7029
2964
2172
1153
3851
6211
7957
2332
6138
9770
987
606
8174
4385
9088
1947
8165
998
7379
28
1127
8870
6373
4800
8147
7396
5898
6371
791
4188
4713
8668
427
7681
7120
2863
8331
1458
7783
8708
335
1996
814
1711
4505
137
102
8590
4107
374
7545
5649
2690
9186
792
4563
6691
1650
6815
9176
3520
3841
2726
9967
2118
3813
4759
1814
2310
3453
7142
76
191
7046
5170
2897
4149
9325
8263
4538
176
6686
7454
8689
4979
9707
6626
890
9110
4969
9039
5696
755
836
1800
9453
8138
3187
8325
7352
2465
1702
9224
6777
1948
9724
7674
728
2997
1585
4423
2068
9912
7460
1315
8607
2157
2262
6871
3718
5218
9006
1404
4271
5940
1290
5939
2571
2363
4801
4142
9179
8624
515
4351
1838
8491
3105
8427
3368
221
6457
9449
671
6102
1114
5949
5279
9332
4566
8252
6861
6522
357
8924
3241
6568
1190
5754
3244
3245
9953
2279
3089
8245
4215
7919
5120
4928
1195
3015
1765
6546
7930
915
9248
5888
9653
7969
4453
5229
7360
6421
5251
6113
6738
7026
6802
99
9645
9106
4133
2931
647
2130
656
6455
5303
5549
1011
5727
8540
1972
9283
4407
903
9686
4602
5641
121
8562
4533
508
9990
5510
5835
4669
7385
5138
3998
5640
2257
4446
4234
5875
3209
8277
5738
1559
6438
1613
9738
380
3225
4004
7399
4528
1524
1769
4418
6244
4073
2291
979
595
7902
9394
4762
6960
6797
5216
4561
7291
3880
7620
2814
4543
4474
9379
9653
5307
1720
4163
6825
3451
8710
7917
6195
866
6869
1806
6667
6262
8523
3370
2163
2281
9515
2846
5508
6111
3779
5969
7887
4193
5141
6646
2326
972
2125
8288
339
6742
9089
7698
3461
6799
934
8306
5388
8192
127
2905
5258
2932
4897
3243
1897
6831
9602
621
8699
9438
175
7431
3325
2237
108
7384
485
7999
1255
3440
1946
797
8374
1391
1362
7950
4142
4407
2166
4527
2549
1648
226
9968
2175
4824
9769
3915
9221
2916
1126
9201
8421
5832
8189
6947
1378
7999
2271
7402
6011
8632
9484
6019
5866
8925
1251
2523
8323
6497
2949
5266
9964
3061
648
6031
2635
4279
5447
416
3226
7815
2791
2236
3384
8807
6148
8152
890
5247
970
434
8415
2314
127
2317
81
17
2189
921
6438
1666
2094
270
9574
9021
4800
949
5416
2282
8904
1811
6901
4570
7618
35
2206
6312
6166
3935
8168
7804
4663
6075
1317
3516
6870
8910
5807
6383
2755
3677
3150
9040
6403
2774
3337
4731
7501
7878
6217
9175
8382
5607
4760
8592
5980
7578
6537
127
5336
2733
8753
4937
3660
9913
2050
2561
8964
5946
5689
6555
8490
108
6029
1662
9161
4782
552
5924
3891
646
5891
417
6862
9361
6729
9854
8041
1797
9949
8113
4972
2005
9240
4107
5949
8991
474
4077
9055
5254
2930
680
1189
7512
1097
9584
9157
7115
9864
5083
3095
3384
7738
2412
9100
3332
4587
1239
1628
6903
6112
3408
5320
8699
625
3909
5470
803
5697
3732
858
4885
462
4170
6345
854
8964
9626
985
2160
4940
7446
77
8050
177
7692
2573
5012
8499
9360
1993
8534
3892
3922
8798
1700
6496
5948
3953
3784
3546
2795
7193
9148
1362
2151
8665
4874
8002
9168
9531
1410
3208
2375
1976
9639
4477
5878
8051
6534
3940
9917
1382
9220
398
5690
99
7955
2234
7460
7213
1009
3787
7364
5728
7838
8433
3825
2218
1271
4601
9190
2893
9348
4752
5458
7229
234
6787
2236
7859
9357
8578
6465
1428
9030
1074
4892
6716
8701
8114
8400
7012
3636
7014
4357
4259
6495
6799
221
2304
7251
6667
3233
5029
4698
9544
1389
4575
8992
9124
1076
5394
8190
6849
2657
1849
369
9492
8204
2540
3957
1660
3750
4554
4707
479
4177
53
9380
3904
9150
2766
209
6109
7492
4949
857
1317
394
2962
5422
9959
6737
5154
4076
3669
3553
7241
2407
552
6270
3782
9824
9309
1223
1316
7299
6300
7308
3196
9008
8873
6377
2328
2836
1859
3059
227
9220
2474
1677
6876
2246
5503
6711
4985
1179
2067
9332
3943
2381
1617
2935
4448
401
1911
5146
9862
9512
3999
1242
6827
2056
9277
7522
5555
4242
6337
5778
4353
3328
7404
1355
8094
2509
3551
3306
3289
6384
9134
9967
4072
7463
2468
8410
7516
4396
4960
1137
7283
4486
8270
1327
6790
9935
2672
4412
6355
797
8938
7301
9221
6032
6958
7528
4511
3559
8732
3663
5752
831
8603
6886
1375
5384
9541
8202
4992
8118
2652
6960
3215
4689
7290
1008
8177
3977
7431
4876
7995
1931
9188
8224
4290
6536
7556
8776
913
2440
2186
8440
7032
6970
9036
1820
8849
9158
2631
3277
7183
4914
8557
541
2367
8525
3690
9759
4928
4347
7397
1574
4719
8350
9745
9848
1691
4109
9698
1678
2360
6404
4540
3451
2911
2967
407
6422
8178
8788
7776
6918
844
3828
953
6026
8791
4734
3233
9346
8088
5449
6782
8733
9877
3579
22
1536
854
8018
5692
9055
3049
366
7784
651
7407
7210
3584
4472
8229
9781
2466
938
9389
8353
6644
6076
6554
55
2498
5068
3595
8581
6998
5222
7534
2262
7638
1291
9878
3196
4903
1694
8711
3004
4080
5036
1166
2870
89
3909
782
3247
3522
5883
885
7917
1200
3958
5805
6574
770
9105
5902
9333
4674
2005
480
4611
9798
1935
3727
4958
8214
3633
9095
9792
3481
8066
351
3519
8296
2402
8962
8196
5412
1535
5544
1354
5939
3757
9699
2325
789
7781
9365
7757
8901
1213
4543
2213
619
9552
116
5676
4606
2681
5741
3872
6822
9697
7749
4202
1776
1795
6548
1785
1227
3160
1818
414
4960
5797
4961
514
9246
5517
4516
5856
6019
1491
5646
6210
8247
5776
4923
635
7889
3565
7132
2910
1981
5182
5206
7210
7734
5275
9049
947
8701
3596
9278
4301
4203
2065
4250
359
7907
8235
8464
690
9984
491
1298
3309
3598
6820
1639
302
4485
9135
9144
8255
9904
6827
6501
5203
3004
6943
8485
4532
5228
958
1050
7898
8121
2262
3923
8313
9062
3333
5707
3848
273
808
350
6873
9702
2817
348
5434
6078
1364
5574
5623
6708
3230
4262
5258
4728
2339
3451
625
637
9603
8433
7385
3645
1607
2655
2668
5260
4638
7546
6533
5369
3071
6247
1260
6177
7418
8990
9538
5070
7711
5850
9018
6493
2522
973
4034
3053
8666
6544
3421
4371
1181
1431
2239
827
2106
8291
1364
537
2170
5554
4669
1085
3411
7601
2168
9988
2307
4961
6875
6683
101
935
652
2927
3219
4013
4688
8640
9497
5303
9742
7844
705
4304
159
7255
4625
963
6709
6992
1229
8229
2325
9871
6330
8735
7538
1203
6560
3593
7816
3032
7258
66
4097
605
6254
8444
9495
9364
4835
517
6999
3778
3780
5952
7438
4550
6192
6193
8835
2742
1947
6184
7040
3205
53
9189
9871
1378
8085
7914
6093
4665
722
8382
733
7068
13
9229
1516
9117
2702
9805
5388
1666
4121
5451
9423
8635
941
7108
3362
2511
6281
6992
6995
370
5403
1560
7329
3428
6390
696
703
3267
4224
1872
4964
0
7638
2148
1842
4047
796
5859
6000
5752
1428
2421
7494
7498
7081
7438
4021
1487
4522
5727
1969
7611
4574
2764
9789
3054
9192
487
3345
4521
2968
3083
2601
2381
9899
2389
4253
767
497
909
5865
6295
489
6067
6952
4616
4827
4579
6914
5338
1137
1531
3439
6387
595
8100
7446
5428
4814
8171
2279
2959
48
7796
8962
5527
2226
756
8034
9424
8242
6653
5385
1605
5100
8231
5064
3512
4933
5337
8779
6323
948
934
7520
6590
8590
3460
6130
1546
444
8457
6310
2506
3578
5294
2017
81
8254
2277
3732
3206
179
8791
821
9700
5922
6070
971
5150
3596
1585
8662
1920
2870
1542
9752
7920
9474
7505
7876
9843
7814
7171
8834
4540
3803
3118
8779
3136
99
540
3431
9061
5016
4064
4577
745
573
9556
3860
5646
5268
9569
7237
6707
2236
2605
7324
7982
9107
1039
5503
5717
7568
9150
125
9644
5382
9063
517
4120
3526
9838
2080
2146
3924
2011
8769
8167
243
2245
4888
3165
880
1949
1421
544
3256
9601
6783
9611
3527
5537
5161
7122
3758
8158
9821
4283
5056
7790
7425
1405
1593
8573
9811
1488
2156
4781
1193
2436
9479
3358
6425
7838
4933
7944
8402
829
192
8277
6
7499
9632
9692
8404
9967
7845
9288
214
3887
4621
9959
7668
5922
3074
1294
7074
3971
1363
8698
9037
3522
5325
8401
8702
3573
694
695
7656
8332
8662
4716
8484
4994
9251
4291
5766
5935
1191
6094
1627
5322
4688
2453
9522
1724
1364
8469
6180
3056
9166
5893
7697
8598
7625
7587
120
8423
8856
7437
5219
2658
1888
2988
1277
1141
419
7819
5393
6456
586
9269
4144
3187
1870
2892
9646
4623
5331
294
6586
8650
3889
402
168
7732
688
5497
5917
7655
3359
3119
9463
1971
5441
5032
7638
7895
3925
7559
1290
9100
1313
5586
346
9835
2283
6177
5406
7647
8771
2710
9434
7125
2895
1494
600
3744
3284
8533
4961
7273
9727
6016
71
6243
446
1092
4242
284
589
8844
3109
128
1488
6487
876
2184
7530
1672
3317
8223
6520
9335
1112
9781
9869
645
2884
1949
6363
3628
423
6593
7867
1253
2169
8293
8937
2260
9798
9449
4879
3325
6358
408
1244
4250
6427
7533
3360
2420
1542
5957
2695
206
1590
4159
975
1154
1647
4064
4632
3795
9539
5732
9272
913
5535
9167
4967
1675
7909
5921
3726
4575
5921
999
4935
4141
3498
7102
6336
8650
3927
115
5586
8192
6395
7446
905
6002
3822
1053
3023
5868
6170
8629
6793
5705
5199
1427
5165
8911
9075
4024
3438
1766
4714
6834
2791
2390
1981
5072
3056
477
906
5134
5631
2207
6856
30
7934
4696
8837
4728
9860
2397
8927
40
5171
8625
5355
3141
6798
1123
4725
978
7349
1492
2820
4526
8286
7319
4761
614
2914
1506
5476
6650
2737
3520
4131
5612
9682
6472
7625
2756
9371
7481
342
7121
7786
2060
3848
5195
8942
5499
6606
7124
6965
8752
821
1788
4018
1830
4545
8260
3418
5020
8873
9194
7628
6280
3264
7939
8699
4376
1196
6199
5497
7699
1476
4037
2401
1358
8906
9287
6689
8603
8211
9089
9395
3228
1839
307
1542
2693
8122
7614
8109
2960
2126
899
1604
1001
66
8567
763
2985
3442
3027
5041
4289
2156
8583
1245
76
9269
206
8331
3239
6279
4077
2738
1085
488
9142
7006
8362
2567
5049
4319
3025
965
8793
6670
4041
5341
1244
2886
4194
801
9708
6582
1221
3955
8060
3730
3450
3869
5140
1121
5043
8670
4269
5863
5846
5122
2520
1567
6424
6860
6504
836
5732
9442
2992
9612
2986
165
2855
6738
3109
1548
9720
2510
7365
5148
7158
8099
27
2070
3613
6
7539
7853
2468
5462
8171
8754
6414
4891
9570
990
6863
9871
1484
4075
1484
6324
2370
2976
859
8241
1062
7495
6346
1276
4548
8412
1579
3829
7748
1700
4461
6701
8555
5351
9622
6418
1329
3276
7612
9928
2030
2352
9491
8117
3950
339
4752
2905
2596
8655
6476
7063
9562
725
7125
8181
3222
6854
3534
7548
3720
9531
9783
4572
7119
6273
2647
1216
2732
580
8869
6041
3695
2215
8823
7513
2509
6989
49
3359
9315
6728
5311
4986
8772
5436
9758
2859
3214
5486
2164
7004
1147
8478
1472
7366
2532
334
4252
8324
4687
5102
207
9890
6473
9606
4751
1457
4654
2735
4563
1242
2245
606
6295
9692
4105
6702
5064
9764
3026
2921
7600
3016
9955
4675
4588
5648
6620
8371
8344
4897
2415
7854
3580
1031
223
4321
2895
5311
7461
731
6474
6270
9021
8646
4552
6497
989
1520
9769
1698
4085
1210
6294
420
5505
6668
6142
2492
1004
754
6623
3052
3727
4584
865
9724
4439
61
2204
4119
4549
1783
6665
160
382
8147
7174
3615
2339
5958
675
4587
971
1318
2826
9829
6428
8958
8844
8767
4712
3186
8997
5048
5156
2719
8993
9590
8692
6686
9129
158
1986
9013
7510
2962
3918
7513
1846
2776
559
4581
1499
2594
2824
4032
5553
3663
9589
8733
4840
382
4101
8980
1407
155
5281
8793
9218
9639
3418
2598
4794
7560
3329
3946
6771
8634
7376
4877
8507
5024
4006
447
2037
7052
9904
6508
6157
4886
659
9517
4423
5932
7717
8607
1248
5015
4379
4648
822
8453
2045
1787
9555
6904
8326
8650
8581
3803
1480
6899
217
2940
9868
6568
3509
3163
4039
2495
6565
9197
7224
8962
9196
2797
5229
6660
3725
5696
454
5890
2610
3267
8993
865
1497
5940
4148
4697
1423
3065
426
2957
8820
9792
564
1462
14
6868
3281
2652
9754
6153
7368
2736
7629
2693
2242
6217
1336
2299
644
1945
1546
7429
9962
9003
4079
1085
6768
8187
4007
184
2826
465
8049
3232
5619
876
8742
300
5986
9496
1714
8334
2824
3371
1292
2969
5526
2257
9703
2540
9020
2018
4706
1952
7148
8813
7722
3434
4989
6180
3679
5821
6683
2051
6835
8751
4476
8893
6415
9286
6270
1494
3520
7679
9339
4263
5374
875
5086
8001
6525
4247
8800
6993
7309
5430
6747
1884
7964
9869
9776
8247
4492
9402
3059
8198
7359
386
5476
7103
3549
8502
7129
7322
4552
5281
7846
2407
2583
1009
4751
3148
3359
1423
6500
7482
4192
9820
443
3499
2843
2459
3788
6730
8753
8341
933
126
7895
2940
